7
8
9
78
79
80
81
82
83
84
85
86
87
88
89
90
92
93
94
95
96
97
98
99
784
785
786
788
789
792
795
796
798
799
800
801
802
803
804
805
806
807
808
809
810
813
814
815
818
820
821
823
824
827
828
829
830
831
832
833
834
835
836
837
838
839
840
841
842
844
845
846
847
848
849
850
851
852
853
858
860
861
862
864
865
866
867
868
869
870
875
876
877
879
880
881
882
884
885
886
887
888
891
892
893
896
897
898
899
900
901
902
903
904
905
906
907
908
909
910
911
912
913
914
915
916
917
918
919
920
921
922
923
924
925
926
927
928
929
930
931
932
933
934
935
936
937
938
940
941
942
943
944
945
946
947
948
949
950
951
952
953
954
955
956
957
958
959
960
961
963
964
965
966
967
968
969
970
971
972
973
974
976
980
981
982
983
984
985
986
987
988
989
990
991
992
993
994
996
997
998
999
7843
7844
7845
7846
7847
7872
7878
7881
7882
7883
7884
7885
7886
7887
7888
7889
7890
7891
7892
7893
7894
7895
7897
7898
7899
7900
7901
7912
7913
7914
7915
7916
7917
7918
7919
7920
7921
7922
7923
7924
7925
7926
7928
7930
7931
7932
7933
7934
7935
7936
7937
7938
7939
7940
7941
7942
7943
7944
7945
7946
7947
7948
7949
7951
7952
7953
7954
7958
7959
7976
7979
7980
7981
7982
7983
7984
7985
7986
7987
7988
7989
7990
7991
7992
7993
7994
7995
8003
8004
8007
8008
8009
8010
8011
8012
8013
8014
8015
8016
8017
8019
8024
8025
8033
8035
8037
8039
8040
8041
8042
8043
8044
8045
8056
8057
8062
8063
8069
8092
8093
8094
8117
8118
8119
8120
8121
8122
8123
8124
8125
8126
8127
8128
8130
8131
8132
8133
8134
8136
8138
8139
8140
8142
8143
8147
8148
8149
8153
8154
8157
8158
8167
8168
8169
8183
8187
8188
8189
8190
8191
8194
8195
8196
8197
8198
8199
8201
8203
8206
8207
8208
8220
8221
8222
8225
8227
8228
8232
8235
8236
8238
8239
8240
8241
8252
8253
8254
8255
8256
8257
8258
8259
8260
8261
8262
8263
8264
8265
8266
8267
8268
8269
8270
8272
8273
8275
8290
8291
8292
8293
8295
8302
8327
8330
8331
8332
8334
8336
8337
8338
8340
8341
8360
8361
8362
8363
8364
8365
8366
8367
8368
8369
8370
8371
8372
8373
8374
8375
8376
8377
8378
8379
8380
8381
8382
8383
8384
8385
8387
8388
8391
8392
8393
8395
8397
8398
8399
8400
8401
8402
8404
8405
8407
8410
8411
8421
8422
8423
8424
8425
8426
8427
8446
8447
8450
8451
8452
8453
8454
8455
8456
8457
8458
8459
8461
8462
8463
8464
8465
8477
8478
8480
8481
8482
8483
8485
8486
8487
8488
8491
8492
8493
8494
8495
8496
8499
8501
8503
8504
8505
8506
8507
8511
8512
8516
8518
8519
8520
8521
8522
8524
8525
8526
8527
8528
8529
8530
8531
8532
8533
8534
8535
8537
8540
8541
8542
8543
8544
8545
8571
8572
8573
8575
8576
8577
8578
8579
8580
8581
8582
8583
8584
8585
8586
8587
8588
8589
8591
8592
8593
8594
8595
8596
8597
8598
8599
8600
8601
8602
8603
8604
8605
8607
8608
8610
8611
8612
8613
8614
8615
8616
8617
8618
8619
8620
8621
8622
8623
8624
8626
8628
8629
8630
8631
8632
8633
8634
8635
8636
8637
8638
8639
8640
8642
8643
8644
8645
8647
8648
8649
8650
8651
8652
8653
8654
8655
8656
8657
8658
8660
8661
8662
8663
8664
8665
8666
8667
8668
8669
8670
8671
8672
8673
8674
8675
8676
8677
8678
8679
8680
8681
8682
8683
8684
8685
8687
8688
8689
8690
8692
8693
8694
8695
8696
8697
8698
8699
8700
8701
8702
8703
8704
8705
8706
8708
8709
8710
8711
8712
8713
8714
8715
8716
8718
8719
8720
8721
8722
8723
8724
8726
8727
8728
8729
8730
8731
8732
8733
8734
8735
8736
8737
8738
8739
8740
8741
8742
8743
8744
8745
8746
8747
8748
8749
8751
8752
8753
8754
8755
8756
8757
8758
8759
8760
8761
8762
8765
8766
8767
8768
8769
8770
8771
8772
8773
8774
8775
8777
8778
8779
8780
8781
8782
8783
8784
8786
8787
8788
8789
8790
8791
8792
8793
8794
8795
8796
8797
8798
8799
8800
8801
8803
8804
8805
8806
8807
8808
8809
8810
8811
8812
8813
8814
8815
8818
8821
8822
8823
8825
8826
8827
8828
8829
8830
8831
8832
8833
8834
8835
8836
8837
8838
8839
8840
8842
8843
8844
8846
8847
8849
8850
8851
8852
8853
8854
8855
8856
8858
8859
8860
8861
8862
8864
8865
8866
8867
8868
8869
8870
8871
8872
8873
8874
8875
8876
8878
8879
8880
8881
8882
8884
8885
8886
8887
8889
8890
8891
8893
8894
8895
8896
8897
8898
8899
8900
8901
8902
8903
8905
8906
8907
8908
8909
8910
8911
8912
8913
8914
8915
8916
8917
8918
8919
8920
8921
8922
8923
8924
8925
8926
8927
8928
8929
8930
8931
8932
8933
8934
8935
8936
8937
8938
8939
8941
8942
8943
8944
8945
8946
8947
8948
8949
8950
8951
8952
8954
8955
8956
8957
8958
8959
8960
8961
8962
8963
8964
8965
8966
8967
8968
8969
8970
8971
8972
8973
8974
8976
8977
8978
8979
8980
8981
8982
8983
8984
8985
8986
8988
8989
8990
8991
8992
8993
8994
8995
8996
8997
8998
8999
9000
9001
9002
9003
9004
9005
9007
9008
9009
9010
9011
9012
9013
9015
9017
9018
9019
