267
533
636
1122
1224
2852
3853
4022
4078
4827
5917
6477
6757
7181
7252
7461
7612
7727
8651
8892
9085
9470
10420
10516
11554
11569
11577
11937
12296
12759
13086
13283
13318
13614
14070
15311
15558
15811
16003
16174
17613
17924
18295
18802
19131
19587
19838
19909
19982
20554
21244
21655
21699
22035
22479
22872
23228
23388
23437
23858
24263
24495
24695
25408
25730
26242
26738
27072
27115
27350
28082
28105
28199
28492
28665
29508
29892
30167
30500
30687
30864
30977
31221
31682
31784
32283
32294
32656
33349
34197
34225
34671
34680
35886
36292
38662
38914
39689
39799
39935
40136
40421
41234
41391
42773
43213
43527
43603
43779
45236
45257
45290
47165
49236
49334
49879
50156
50543
51033
51167
51673
52806
53315
54087
54371
55236
55280
57018
57022
57696
59219
59529
60072
60693
60971
61869
62394
63405
63438
64344
64540
64581
64969
66892
67010
68773
69576
71509
